%YAML:1.0
---
image_width: 1920
image_height: 1080
camera_matrix: !!opencv-matrix
   rows: 3
   cols: 3
   dt: f
   data: [ 1.14718811e+03, 0., 9.32748413e+02, 0., 1.14490771e+03,
       5.47703430e+02, 0., 0., 1. ]
distortion_coefficients: !!opencv-matrix
   rows: 1
   cols: 5
   dt: f
   data: [ -6.01950109e-01, 5.70424080e-01, -8.42207950e-03,
       4.34321770e-03, -3.04021120e-01 ]
